Posição Atual: (0, 0)
Valor P*= 1
|[1,1,1,1]|
|[1,1,1,1]|
|[1,1,1,1]|
|[P*,1,1,1]|
Movimento: Direita
Posição Atual: (0, 1)
Valor P*= 1
|[1,1,1,1]|
|[1,1,1,1]|
|[1,1,1,1]|
|[0,P*,1,1]|

__________________________________
Posição Atual: (0, 1)
Valor P*= 1
|[1,1,1,1]|
|[1,1,1,1]|
|[1,1,1,1]|
|[0,P*,1,1]|
Movimento: Direita
Posição Atual: (0, 2)
Valor P*= 1
|[1,1,1,1]|
|[1,1,1,1]|
|[1,1,1,1]|
|[0,0,P*,1]|

__________________________________
Posição Atual: (0, 2)
Valor P*= 1
|[1,1,1,1]|
|[1,1,1,1]|
|[1,1,1,1]|
|[0,0,P*,1]|
Movimento: Direita
Posição Atual: (0, 3)
Valor P*= 1
|[1,1,1,1]|
|[1,1,1,1]|
|[1,1,1,1]|
|[0,0,0,P*]|

__________________________________
Posição Atual: (0, 3)
Valor P*= 1
|[1,1,1,1]|
|[1,1,1,1]|
|[1,1,1,1]|
|[0,0,0,P*]|
Movimento: Cima
Posição Atual: (1, 3)
Valor P*= 1
|[1,1,1,1]|
|[1,1,1,1]|
|[1,1,1,P*]|
|[0,0,0,0]|

__________________________________
Posição Atual: (1, 3)
Valor P*= 1
|[1,1,1,1]|
|[1,1,1,1]|
|[1,1,1,P*]|
|[0,0,0,0]|
Movimento: Cima
Posição Atual: (2, 3)
Valor P*= 1
|[1,1,1,1]|
|[1,1,1,P*]|
|[1,1,1,0]|
|[0,0,0,0]|

__________________________________
Posição Atual: (2, 3)
Valor P*= 1
|[1,1,1,1]|
|[1,1,1,P*]|
|[1,1,1,0]|
|[0,0,0,0]|
Movimento: Cima
Posição Atual: (3, 3)
Valor P*= 1
|[1,1,1,P*]|
|[1,1,1,0]|
|[1,1,1,0]|
|[0,0,0,0]|

__________________________________
Posição Atual: (3, 3)
Valor P*= 1
|[1,1,1,P*]|
|[1,1,1,0]|
|[1,1,1,0]|
|[0,0,0,0]|
Movimento: Baixo
Posição Atual: (2, 3)
Valor P*= 0
|[1,1,1,0]|
|[1,1,1,P*]|
|[1,1,1,0]|
|[0,0,0,0]|

__________________________________
Posição Atual: (2, 3)
Valor P*= 0
|[1,1,1,0]|
|[1,1,1,P*]|
|[1,1,1,0]|
|[0,0,0,0]|
Movimento: Cima
Posição Atual: (3, 3)
Valor P*= 0
|[1,1,1,P*]|
|[1,1,1,-1]|
|[1,1,1,0]|
|[0,0,0,0]|

__________________________________
Posição Atual: (3, 3)
Valor P*= 0
|[1,1,1,P*]|
|[1,1,1,-1]|
|[1,1,1,0]|
|[0,0,0,0]|
Movimento: Esquerda
Posição Atual: (3, 2)
Valor P*= 1
|[1,1,P*,-1]|
|[1,1,1,-1]|
|[1,1,1,0]|
|[0,0,0,0]|

__________________________________
Posição Atual: (3, 2)
Valor P*= 1
|[1,1,P*,-1]|
|[1,1,1,-1]|
|[1,1,1,0]|
|[0,0,0,0]|
Movimento: Baixo
Posição Atual: (2, 2)
Valor P*= 1
|[1,1,0,-1]|
|[1,1,P*,-1]|
|[1,1,1,0]|
|[0,0,0,0]|

__________________________________
Posição Atual: (2, 2)
Valor P*= 1
|[1,1,0,-1]|
|[1,1,P*,-1]|
|[1,1,1,0]|
|[0,0,0,0]|
Movimento: Cima
Posição Atual: (3, 2)
Valor P*= 0
|[1,1,P*,-1]|
|[1,1,0,-1]|
|[1,1,1,0]|
|[0,0,0,0]|

__________________________________
Posição Atual: (3, 2)
Valor P*= 0
|[1,1,P*,-1]|
|[1,1,0,-1]|
|[1,1,1,0]|
|[0,0,0,0]|
Movimento: Baixo
Posição Atual: (2, 2)
Valor P*= 0
|[1,1,-1,-1]|
|[1,1,P*,-1]|
|[1,1,1,0]|
|[0,0,0,0]|

__________________________________
Posição Atual: (2, 2)
Valor P*= 0
|[1,1,-1,-1]|
|[1,1,P*,-1]|
|[1,1,1,0]|
|[0,0,0,0]|
Movimento: Baixo
Posição Atual: (1, 2)
Valor P*= 1
|[1,1,-1,-1]|
|[1,1,-1,-1]|
|[1,1,P*,0]|
|[0,0,0,0]|

__________________________________
Posição Atual: (1, 2)
Valor P*= 1
|[1,1,-1,-1]|
|[1,1,-1,-1]|
|[1,1,P*,0]|
|[0,0,0,0]|
Movimento: Direita
Posição Atual: (1, 3)
Valor P*= 0
|[1,1,-1,-1]|
|[1,1,-1,-1]|
|[1,1,0,P*]|
|[0,0,0,0]|

__________________________________
Posição Atual: (1, 3)
Valor P*= 0
|[1,1,-1,-1]|
|[1,1,-1,-1]|
|[1,1,0,P*]|
|[0,0,0,0]|
Movimento: Baixo
Posição Atual: (0, 3)
Valor P*= 0
|[1,1,-1,-1]|
|[1,1,-1,-1]|
|[1,1,0,-1]|
|[0,0,0,P*]|

__________________________________
Posição Atual: (0, 3)
Valor P*= 0
|[1,1,-1,-1]|
|[1,1,-1,-1]|
|[1,1,0,-1]|
|[0,0,0,P*]|
Movimento: Esquerda
Posição Atual: (0, 2)
Valor P*= 0
|[1,1,-1,-1]|
|[1,1,-1,-1]|
|[1,1,0,-1]|
|[0,0,P*,-1]|

__________________________________
Posição Atual: (0, 2)
Valor P*= 0
|[1,1,-1,-1]|
|[1,1,-1,-1]|
|[1,1,0,-1]|
|[0,0,P*,-1]|
Movimento: Cima
Posição Atual: (1, 2)
Valor P*= 0
|[1,1,-1,-1]|
|[1,1,-1,-1]|
|[1,1,P*,-1]|
|[0,0,-1,-1]|

__________________________________
Posição Atual: (1, 2)
Valor P*= 0
|[1,1,-1,-1]|
|[1,1,-1,-1]|
|[1,1,P*,-1]|
|[0,0,-1,-1]|
Movimento: Esquerda
Posição Atual: (1, 1)
Valor P*= 1
|[1,1,-1,-1]|
|[1,1,-1,-1]|
|[1,P*,-1,-1]|
|[0,0,-1,-1]|

__________________________________
Posição Atual: (1, 1)
Valor P*= 1
|[1,1,-1,-1]|
|[1,1,-1,-1]|
|[1,P*,-1,-1]|
|[0,0,-1,-1]|
Movimento: Cima
Posição Atual: (2, 1)
Valor P*= 1
|[1,1,-1,-1]|
|[1,P*,-1,-1]|
|[1,0,-1,-1]|
|[0,0,-1,-1]|

__________________________________
Posição Atual: (2, 1)
Valor P*= 1
|[1,1,-1,-1]|
|[1,P*,-1,-1]|
|[1,0,-1,-1]|
|[0,0,-1,-1]|
Movimento: Cima
Posição Atual: (3, 1)
Valor P*= 1
|[1,P*,-1,-1]|
|[1,0,-1,-1]|
|[1,0,-1,-1]|
|[0,0,-1,-1]|

__________________________________
Posição Atual: (3, 1)
Valor P*= 1
|[1,P*,-1,-1]|
|[1,0,-1,-1]|
|[1,0,-1,-1]|
|[0,0,-1,-1]|
Movimento: Baixo
Posição Atual: (2, 1)
Valor P*= 0
|[1,0,-1,-1]|
|[1,P*,-1,-1]|
|[1,0,-1,-1]|
|[0,0,-1,-1]|

__________________________________
Posição Atual: (2, 1)
Valor P*= 0
|[1,0,-1,-1]|
|[1,P*,-1,-1]|
|[1,0,-1,-1]|
|[0,0,-1,-1]|
Movimento: Cima
Posição Atual: (3, 1)
Valor P*= 0
|[1,P*,-1,-1]|
|[1,-1,-1,-1]|
|[1,0,-1,-1]|
|[0,0,-1,-1]|

__________________________________
Posição Atual: (3, 1)
Valor P*= 0
|[1,P*,-1,-1]|
|[1,-1,-1,-1]|
|[1,0,-1,-1]|
|[0,0,-1,-1]|
Movimento: Esquerda
Posição Atual: (3, 0)
Valor P*= 1
|[P*,-1,-1,-1]|
|[1,-1,-1,-1]|
|[1,0,-1,-1]|
|[0,0,-1,-1]|

__________________________________
Posição Atual: (3, 0)
Valor P*= 1
|[P*,-1,-1,-1]|
|[1,-1,-1,-1]|
|[1,0,-1,-1]|
|[0,0,-1,-1]|
Movimento: Baixo
Posição Atual: (2, 0)
Valor P*= 1
|[0,-1,-1,-1]|
|[P*,-1,-1,-1]|
|[1,0,-1,-1]|
|[0,0,-1,-1]|

__________________________________
Posição Atual: (2, 0)
Valor P*= 1
|[0,-1,-1,-1]|
|[P*,-1,-1,-1]|
|[1,0,-1,-1]|
|[0,0,-1,-1]|
Movimento: Cima
Posição Atual: (3, 0)
Valor P*= 0
|[P*,-1,-1,-1]|
|[0,-1,-1,-1]|
|[1,0,-1,-1]|
|[0,0,-1,-1]|

__________________________________
Posição Atual: (3, 0)
Valor P*= 0
|[P*,-1,-1,-1]|
|[0,-1,-1,-1]|
|[1,0,-1,-1]|
|[0,0,-1,-1]|
Movimento: Baixo
Posição Atual: (2, 0)
Valor P*= 0
|[-1,-1,-1,-1]|
|[P*,-1,-1,-1]|
|[1,0,-1,-1]|
|[0,0,-1,-1]|

__________________________________
Posição Atual: (2, 0)
Valor P*= 0
|[-1,-1,-1,-1]|
|[P*,-1,-1,-1]|
|[1,0,-1,-1]|
|[0,0,-1,-1]|
Movimento: Baixo
Posição Atual: (1, 0)
Valor P*= 1
|[-1,-1,-1,-1]|
|[-1,-1,-1,-1]|
|[P*,0,-1,-1]|
|[0,0,-1,-1]|

__________________________________
Posição Atual: (1, 0)
Valor P*= 1
|[-1,-1,-1,-1]|
|[-1,-1,-1,-1]|
|[P*,0,-1,-1]|
|[0,0,-1,-1]|
Movimento: Direita
Posição Atual: (1, 1)
Valor P*= 0
|[-1,-1,-1,-1]|
|[-1,-1,-1,-1]|
|[0,P*,-1,-1]|
|[0,0,-1,-1]|

__________________________________
Posição Atual: (1, 1)
Valor P*= 0
|[-1,-1,-1,-1]|
|[-1,-1,-1,-1]|
|[0,P*,-1,-1]|
|[0,0,-1,-1]|
Movimento: Baixo
Posição Atual: (0, 1)
Valor P*= 0
|[-1,-1,-1,-1]|
|[-1,-1,-1,-1]|
|[0,-1,-1,-1]|
|[0,P*,-1,-1]|

__________________________________
Posição Atual: (0, 1)
Valor P*= 0
|[-1,-1,-1,-1]|
|[-1,-1,-1,-1]|
|[0,-1,-1,-1]|
|[0,P*,-1,-1]|
Movimento: Esquerda
Posição Atual: (0, 0)
Valor P*= 0
|[-1,-1,-1,-1]|
|[-1,-1,-1,-1]|
|[0,-1,-1,-1]|
|[P*,-1,-1,-1]|

__________________________________
Posição Atual: (0, 0)
Valor P*= 0
|[-1,-1,-1,-1]|
|[-1,-1,-1,-1]|
|[0,-1,-1,-1]|
|[P*,-1,-1,-1]|
Movimento: Cima
Posição Atual: (1, 0)
Valor P*= 0
|[-1,-1,-1,-1]|
|[-1,-1,-1,-1]|
|[P*,-1,-1,-1]|
|[-1,-1,-1,-1]|

__________________________________
