|_6994|
|_6988|
|_6982|
|_4428|
|_4422|
|_4416|
|_7368|
|_7362|
|_7356|



|[1,1,1,1]|
|[1,1,1,1]|
|[0,1,1,1]|



|[1,1,1,1]|
|[1,1,1,1]|
|[0,0,1,1]|



|[1,1,1,1]|
|[1,1,1,1]|
|[0,0,0,1]|



|[1,1,1,1]|
|[1,1,1,1]|
|[0,0,0,0]|



|[1,1,1,1]|
|[1,1,1,0]|
|[0,0,0,0]|



|[1,1,1,0]|
|[1,1,1,0]|
|[0,0,0,0]|



|[1,1,0,0]|
|[1,1,1,0]|
|[0,0,0,0]|



|[1,0,0,0]|
|[1,1,1,0]|
|[0,0,0,0]|



|[0,0,0,0]|
|[1,1,1,0]|
|[0,0,0,0]|



|[0,0,0,0]|
|[0,1,1,0]|
|[0,0,0,0]|



|[0,0,0,0]|
|[0,1,1,0]|
|[-1,0,0,0]|



|[0,0,0,0]|
|[0,1,1,0]|
|[-1,-1,0,0]|



|[0,0,0,0]|
|[0,1,1,0]|
|[-1,-1,-1,0]|



|[0,0,0,0]|
|[0,1,1,0]|
|[-1,-1,-1,-1]|



|[0,0,0,0]|
|[0,1,1,-1]|
|[-1,-1,-1,-1]|



|[0,0,0,-1]|
|[0,1,1,-1]|
|[-1,-1,-1,-1]|



|[0,0,-1,-1]|
|[0,1,1,-1]|
|[-1,-1,-1,-1]|



|[0,-1,-1,-1]|
|[0,1,1,-1]|
|[-1,-1,-1,-1]|



|[-1,-1,-1,-1]|
|[0,1,1,-1]|
|[-1,-1,-1,-1]|



|[-1,-1,-1,-1]|
|[-1,1,1,-1]|
|[-1,-1,-1,-1]|



|[-1,-1,-1,-1]|
|[-1,0,1,-1]|
|[-1,-1,-1,-1]|



|[-1,-1,-1,-1]|
|[-1,0,0,-1]|
|[-1,-1,-1,-1]|



|[-1,-1,-1,-1]|
|[-1,-1,0,-1]|
|[-1,-1,-1,-1]|



